{
 "cells": [
  {
   "cell_type": "markdown",
   "metadata": {},
   "source": [
    "## Mean Reversion - (Pairs Trading)\n",
    "\n",
    "- Long Pair: Long stock A and short stock B\n",
    "- Short Pair: Short stock A and long stock B\n",
    "Want to find a high correlation between stock A and B's price (usually c > 0.8.) If you find a relationship suggesting that the prices move in opposite directions, you can capitalize on this behaviour. Once the assets deviate from their typical correlation, say 0.5, you can long/short the pair since you expect the correlation to converge back to its original form\n",
    "\n",
    "#### Basic Idea\n",
    "1) Find 2 assets that move similarly with eachother\n",
    "2) sell the overvalued stock and buy the undervalued stock\n",
    "    - A common signal to use to trigger the purchase of a pair trade is to use price ratio. If the ratio changes significantly, then you know it is time to trade. Significance is measured with standard deviation"
   ]
  },
  {
   "cell_type": "code",
   "execution_count": 19,
   "metadata": {},
   "outputs": [
    {
     "name": "stderr",
     "output_type": "stream",
     "text": [
      "[*********************100%%**********************]  1 of 1 completed\n",
      "[*********************100%%**********************]  1 of 1 completed\n",
      "[*********************100%%**********************]  1 of 1 completed\n",
      "[*********************100%%**********************]  1 of 1 completed\n",
      "[*********************100%%**********************]  1 of 1 completed\n",
      "[*********************100%%**********************]  1 of 1 completed\n",
      "[*********************100%%**********************]  1 of 1 completed\n",
      "[*********************100%%**********************]  1 of 1 completed\n",
      "[*********************100%%**********************]  1 of 1 completed\n",
      "[*********************100%%**********************]  1 of 1 completed\n",
      "[*********************100%%**********************]  1 of 1 completed\n",
      "[*********************100%%**********************]  1 of 1 completed\n",
      "[*********************100%%**********************]  1 of 1 completed\n",
      "[*********************100%%**********************]  1 of 1 completed\n",
      "[*********************100%%**********************]  1 of 1 completed\n",
      "[*********************100%%**********************]  1 of 1 completed\n",
      "[*********************100%%**********************]  1 of 1 completed\n",
      "[*********************100%%**********************]  1 of 1 completed"
     ]
    },
    {
     "name": "stdout",
     "output_type": "stream",
     "text": [
      "(252, 18)\n"
     ]
    },
    {
     "name": "stderr",
     "output_type": "stream",
     "text": [
      "\n"
     ]
    },
    {
     "data": {
      "text/html": [
       "<div>\n",
       "<style scoped>\n",
       "    .dataframe tbody tr th:only-of-type {\n",
       "        vertical-align: middle;\n",
       "    }\n",
       "\n",
       "    .dataframe tbody tr th {\n",
       "        vertical-align: top;\n",
       "    }\n",
       "\n",
       "    .dataframe thead th {\n",
       "        text-align: right;\n",
       "    }\n",
       "</style>\n",
       "<table border=\"1\" class=\"dataframe\">\n",
       "  <thead>\n",
       "    <tr style=\"text-align: right;\">\n",
       "      <th></th>\n",
       "      <th>DPZ</th>\n",
       "      <th>AAPL</th>\n",
       "      <th>GOOG</th>\n",
       "      <th>MSFT</th>\n",
       "      <th>AMD</th>\n",
       "      <th>GME</th>\n",
       "      <th>SPY</th>\n",
       "      <th>NFLX</th>\n",
       "      <th>BABA</th>\n",
       "      <th>BA</th>\n",
       "      <th>TSLA</th>\n",
       "      <th>WMT</th>\n",
       "      <th>X</th>\n",
       "      <th>GS</th>\n",
       "      <th>XOM</th>\n",
       "      <th>NKE</th>\n",
       "      <th>META</th>\n",
       "      <th>BRK-B</th>\n",
       "    </tr>\n",
       "    <tr>\n",
       "      <th>Date</th>\n",
       "      <th></th>\n",
       "      <th></th>\n",
       "      <th></th>\n",
       "      <th></th>\n",
       "      <th></th>\n",
       "      <th></th>\n",
       "      <th></th>\n",
       "      <th></th>\n",
       "      <th></th>\n",
       "      <th></th>\n",
       "      <th></th>\n",
       "      <th></th>\n",
       "      <th></th>\n",
       "      <th></th>\n",
       "      <th></th>\n",
       "      <th></th>\n",
       "      <th></th>\n",
       "      <th></th>\n",
       "    </tr>\n",
       "  </thead>\n",
       "  <tbody>\n",
       "    <tr>\n",
       "      <th>2021-04-19</th>\n",
       "      <td>380.496429</td>\n",
       "      <td>132.050995</td>\n",
       "      <td>114.707848</td>\n",
       "      <td>251.180573</td>\n",
       "      <td>81.110001</td>\n",
       "      <td>41.092499</td>\n",
       "      <td>393.424561</td>\n",
       "      <td>554.440002</td>\n",
       "      <td>226.737991</td>\n",
       "      <td>244.149994</td>\n",
       "      <td>238.210007</td>\n",
       "      <td>44.110420</td>\n",
       "      <td>22.297316</td>\n",
       "      <td>312.102753</td>\n",
       "      <td>49.068493</td>\n",
       "      <td>126.610153</td>\n",
       "      <td>301.089874</td>\n",
       "      <td>270.279999</td>\n",
       "    </tr>\n",
       "    <tr>\n",
       "      <th>2021-04-20</th>\n",
       "      <td>380.582489</td>\n",
       "      <td>130.356781</td>\n",
       "      <td>114.270912</td>\n",
       "      <td>250.714615</td>\n",
       "      <td>79.269997</td>\n",
       "      <td>39.632500</td>\n",
       "      <td>390.544067</td>\n",
       "      <td>549.570007</td>\n",
       "      <td>222.005844</td>\n",
       "      <td>234.059998</td>\n",
       "      <td>239.663330</td>\n",
       "      <td>44.451408</td>\n",
       "      <td>20.959869</td>\n",
       "      <td>301.905212</td>\n",
       "      <td>48.034634</td>\n",
       "      <td>121.395569</td>\n",
       "      <td>301.498291</td>\n",
       "      <td>267.890015</td>\n",
       "    </tr>\n",
       "    <tr>\n",
       "      <th>2021-04-21</th>\n",
       "      <td>377.475098</td>\n",
       "      <td>130.738724</td>\n",
       "      <td>114.253967</td>\n",
       "      <td>252.966782</td>\n",
       "      <td>81.610001</td>\n",
       "      <td>39.627499</td>\n",
       "      <td>394.239441</td>\n",
       "      <td>508.899994</td>\n",
       "      <td>221.580902</td>\n",
       "      <td>235.919998</td>\n",
       "      <td>248.039993</td>\n",
       "      <td>44.580860</td>\n",
       "      <td>21.877531</td>\n",
       "      <td>304.989014</td>\n",
       "      <td>48.651474</td>\n",
       "      <td>124.060135</td>\n",
       "      <td>300.322784</td>\n",
       "      <td>272.209991</td>\n",
       "    </tr>\n",
       "    <tr>\n",
       "      <th>2021-04-22</th>\n",
       "      <td>381.261322</td>\n",
       "      <td>129.210983</td>\n",
       "      <td>112.990021</td>\n",
       "      <td>249.656448</td>\n",
       "      <td>79.059998</td>\n",
       "      <td>37.792500</td>\n",
       "      <td>390.638885</td>\n",
       "      <td>508.779999</td>\n",
       "      <td>221.494003</td>\n",
       "      <td>234.330002</td>\n",
       "      <td>239.896667</td>\n",
       "      <td>44.097794</td>\n",
       "      <td>21.740860</td>\n",
       "      <td>300.968231</td>\n",
       "      <td>48.017273</td>\n",
       "      <td>123.372505</td>\n",
       "      <td>295.391602</td>\n",
       "      <td>269.510010</td>\n",
       "    </tr>\n",
       "    <tr>\n",
       "      <th>2021-04-23</th>\n",
       "      <td>380.257324</td>\n",
       "      <td>131.541763</td>\n",
       "      <td>115.350533</td>\n",
       "      <td>253.520157</td>\n",
       "      <td>82.760002</td>\n",
       "      <td>37.794998</td>\n",
       "      <td>394.874237</td>\n",
       "      <td>505.549988</td>\n",
       "      <td>224.130478</td>\n",
       "      <td>238.380005</td>\n",
       "      <td>243.133331</td>\n",
       "      <td>44.170406</td>\n",
       "      <td>23.146645</td>\n",
       "      <td>308.700500</td>\n",
       "      <td>48.277905</td>\n",
       "      <td>124.337097</td>\n",
       "      <td>299.984070</td>\n",
       "      <td>271.980011</td>\n",
       "    </tr>\n",
       "  </tbody>\n",
       "</table>\n",
       "</div>"
      ],
      "text/plain": [
       "                   DPZ        AAPL        GOOG        MSFT        AMD  \\\n",
       "Date                                                                    \n",
       "2021-04-19  380.496429  132.050995  114.707848  251.180573  81.110001   \n",
       "2021-04-20  380.582489  130.356781  114.270912  250.714615  79.269997   \n",
       "2021-04-21  377.475098  130.738724  114.253967  252.966782  81.610001   \n",
       "2021-04-22  381.261322  129.210983  112.990021  249.656448  79.059998   \n",
       "2021-04-23  380.257324  131.541763  115.350533  253.520157  82.760002   \n",
       "\n",
       "                  GME         SPY        NFLX        BABA          BA  \\\n",
       "Date                                                                    \n",
       "2021-04-19  41.092499  393.424561  554.440002  226.737991  244.149994   \n",
       "2021-04-20  39.632500  390.544067  549.570007  222.005844  234.059998   \n",
       "2021-04-21  39.627499  394.239441  508.899994  221.580902  235.919998   \n",
       "2021-04-22  37.792500  390.638885  508.779999  221.494003  234.330002   \n",
       "2021-04-23  37.794998  394.874237  505.549988  224.130478  238.380005   \n",
       "\n",
       "                  TSLA        WMT          X          GS        XOM  \\\n",
       "Date                                                                  \n",
       "2021-04-19  238.210007  44.110420  22.297316  312.102753  49.068493   \n",
       "2021-04-20  239.663330  44.451408  20.959869  301.905212  48.034634   \n",
       "2021-04-21  248.039993  44.580860  21.877531  304.989014  48.651474   \n",
       "2021-04-22  239.896667  44.097794  21.740860  300.968231  48.017273   \n",
       "2021-04-23  243.133331  44.170406  23.146645  308.700500  48.277905   \n",
       "\n",
       "                   NKE        META       BRK-B  \n",
       "Date                                            \n",
       "2021-04-19  126.610153  301.089874  270.279999  \n",
       "2021-04-20  121.395569  301.498291  267.890015  \n",
       "2021-04-21  124.060135  300.322784  272.209991  \n",
       "2021-04-22  123.372505  295.391602  269.510010  \n",
       "2021-04-23  124.337097  299.984070  271.980011  "
      ]
     },
     "execution_count": 19,
     "metadata": {},
     "output_type": "execute_result"
    }
   ],
   "source": [
    "import pandas as pd\n",
    "import pandas_datareader as pdr\n",
    "from datetime import datetime\n",
    "import yfinance as yf\n",
    "\n",
    "def get_historical_data(tickers):\n",
    "    \"\"\"This function returns a pd dataframe with all of the adjusted closing information\"\"\"\n",
    "    data = pd.DataFrame()\n",
    "    names = list()\n",
    "    for i in tickers:\n",
    "        data = pd.concat([data, pd.DataFrame(yf.download(i, start=datetime(2020, 4, 24), end=datetime(2021, 4, 24)).iloc[:,4])], axis = 1)\n",
    "        names.append(i)\n",
    "    data.columns = names\n",
    "    return data\n",
    "\n",
    "ticks = ['DPZ', 'AAPL', 'GOOG', 'MSFT', 'AMD', 'GME', 'SPY', 'NFLX', 'BABA', 'BA', 'TSLA', 'WMT', 'X', 'GS', 'XOM', 'NKE', 'META', 'BRK-B']\n",
    "d = get_historical_data(ticks)\n",
    "print(d.shape)\n",
    "d.tail()"
   ]
  },
  {
   "cell_type": "code",
   "execution_count": 20,
   "metadata": {},
   "outputs": [
    {
     "data": {
      "text/html": [
       "<div>\n",
       "<style scoped>\n",
       "    .dataframe tbody tr th:only-of-type {\n",
       "        vertical-align: middle;\n",
       "    }\n",
       "\n",
       "    .dataframe tbody tr th {\n",
       "        vertical-align: top;\n",
       "    }\n",
       "\n",
       "    .dataframe thead th {\n",
       "        text-align: right;\n",
       "    }\n",
       "</style>\n",
       "<table border=\"1\" class=\"dataframe\">\n",
       "  <thead>\n",
       "    <tr style=\"text-align: right;\">\n",
       "      <th></th>\n",
       "      <th>DPZ</th>\n",
       "      <th>AAPL</th>\n",
       "      <th>GOOG</th>\n",
       "      <th>MSFT</th>\n",
       "      <th>AMD</th>\n",
       "      <th>GME</th>\n",
       "      <th>SPY</th>\n",
       "      <th>NFLX</th>\n",
       "      <th>BABA</th>\n",
       "      <th>BA</th>\n",
       "      <th>TSLA</th>\n",
       "      <th>WMT</th>\n",
       "      <th>X</th>\n",
       "      <th>GS</th>\n",
       "      <th>XOM</th>\n",
       "      <th>NKE</th>\n",
       "      <th>META</th>\n",
       "      <th>BRK-B</th>\n",
       "    </tr>\n",
       "  </thead>\n",
       "  <tbody>\n",
       "    <tr>\n",
       "      <th>DPZ</th>\n",
       "      <td>1.000000</td>\n",
       "      <td>0.215169</td>\n",
       "      <td>-0.207343</td>\n",
       "      <td>0.049852</td>\n",
       "      <td>0.265336</td>\n",
       "      <td>-0.363020</td>\n",
       "      <td>-0.043569</td>\n",
       "      <td>0.189883</td>\n",
       "      <td>0.552802</td>\n",
       "      <td>-0.195480</td>\n",
       "      <td>-0.052095</td>\n",
       "      <td>0.335647</td>\n",
       "      <td>-0.311682</td>\n",
       "      <td>-0.339183</td>\n",
       "      <td>-0.553838</td>\n",
       "      <td>0.024097</td>\n",
       "      <td>0.306881</td>\n",
       "      <td>-0.072372</td>\n",
       "    </tr>\n",
       "    <tr>\n",
       "      <th>AAPL</th>\n",
       "      <td>0.215169</td>\n",
       "      <td>1.000000</td>\n",
       "      <td>0.765563</td>\n",
       "      <td>0.868948</td>\n",
       "      <td>0.918794</td>\n",
       "      <td>0.449900</td>\n",
       "      <td>0.897570</td>\n",
       "      <td>0.861139</td>\n",
       "      <td>0.503278</td>\n",
       "      <td>0.649297</td>\n",
       "      <td>0.905050</td>\n",
       "      <td>0.798448</td>\n",
       "      <td>0.663020</td>\n",
       "      <td>0.673259</td>\n",
       "      <td>0.250475</td>\n",
       "      <td>0.889708</td>\n",
       "      <td>0.860029</td>\n",
       "      <td>0.840687</td>\n",
       "    </tr>\n",
       "    <tr>\n",
       "      <th>GOOG</th>\n",
       "      <td>-0.207343</td>\n",
       "      <td>0.765563</td>\n",
       "      <td>1.000000</td>\n",
       "      <td>0.925449</td>\n",
       "      <td>0.585081</td>\n",
       "      <td>0.743687</td>\n",
       "      <td>0.950758</td>\n",
       "      <td>0.715588</td>\n",
       "      <td>0.053546</td>\n",
       "      <td>0.844313</td>\n",
       "      <td>0.849602</td>\n",
       "      <td>0.497455</td>\n",
       "      <td>0.880126</td>\n",
       "      <td>0.933780</td>\n",
       "      <td>0.720093</td>\n",
       "      <td>0.775796</td>\n",
       "      <td>0.737040</td>\n",
       "      <td>0.925402</td>\n",
       "    </tr>\n",
       "    <tr>\n",
       "      <th>MSFT</th>\n",
       "      <td>0.049852</td>\n",
       "      <td>0.868948</td>\n",
       "      <td>0.925449</td>\n",
       "      <td>1.000000</td>\n",
       "      <td>0.672401</td>\n",
       "      <td>0.672505</td>\n",
       "      <td>0.939998</td>\n",
       "      <td>0.859247</td>\n",
       "      <td>0.278224</td>\n",
       "      <td>0.766547</td>\n",
       "      <td>0.842084</td>\n",
       "      <td>0.555514</td>\n",
       "      <td>0.746239</td>\n",
       "      <td>0.833535</td>\n",
       "      <td>0.546216</td>\n",
       "      <td>0.764256</td>\n",
       "      <td>0.830619</td>\n",
       "      <td>0.887630</td>\n",
       "    </tr>\n",
       "    <tr>\n",
       "      <th>AMD</th>\n",
       "      <td>0.265336</td>\n",
       "      <td>0.918794</td>\n",
       "      <td>0.585081</td>\n",
       "      <td>0.672401</td>\n",
       "      <td>1.000000</td>\n",
       "      <td>0.243387</td>\n",
       "      <td>0.760382</td>\n",
       "      <td>0.736988</td>\n",
       "      <td>0.572781</td>\n",
       "      <td>0.492571</td>\n",
       "      <td>0.808537</td>\n",
       "      <td>0.864122</td>\n",
       "      <td>0.535553</td>\n",
       "      <td>0.488650</td>\n",
       "      <td>0.053716</td>\n",
       "      <td>0.849127</td>\n",
       "      <td>0.755683</td>\n",
       "      <td>0.725688</td>\n",
       "    </tr>\n",
       "    <tr>\n",
       "      <th>GME</th>\n",
       "      <td>-0.363020</td>\n",
       "      <td>0.449900</td>\n",
       "      <td>0.743687</td>\n",
       "      <td>0.672505</td>\n",
       "      <td>0.243387</td>\n",
       "      <td>1.000000</td>\n",
       "      <td>0.679288</td>\n",
       "      <td>0.428684</td>\n",
       "      <td>-0.177824</td>\n",
       "      <td>0.663475</td>\n",
       "      <td>0.583298</td>\n",
       "      <td>0.116061</td>\n",
       "      <td>0.745398</td>\n",
       "      <td>0.801194</td>\n",
       "      <td>0.746583</td>\n",
       "      <td>0.479506</td>\n",
       "      <td>0.438879</td>\n",
       "      <td>0.704577</td>\n",
       "    </tr>\n",
       "    <tr>\n",
       "      <th>SPY</th>\n",
       "      <td>-0.043569</td>\n",
       "      <td>0.897570</td>\n",
       "      <td>0.950758</td>\n",
       "      <td>0.939998</td>\n",
       "      <td>0.760382</td>\n",
       "      <td>0.679288</td>\n",
       "      <td>1.000000</td>\n",
       "      <td>0.792810</td>\n",
       "      <td>0.211184</td>\n",
       "      <td>0.860000</td>\n",
       "      <td>0.927627</td>\n",
       "      <td>0.652183</td>\n",
       "      <td>0.881494</td>\n",
       "      <td>0.906785</td>\n",
       "      <td>0.594242</td>\n",
       "      <td>0.890021</td>\n",
       "      <td>0.823235</td>\n",
       "      <td>0.968449</td>\n",
       "    </tr>\n",
       "    <tr>\n",
       "      <th>NFLX</th>\n",
       "      <td>0.189883</td>\n",
       "      <td>0.861139</td>\n",
       "      <td>0.715588</td>\n",
       "      <td>0.859247</td>\n",
       "      <td>0.736988</td>\n",
       "      <td>0.428684</td>\n",
       "      <td>0.792810</td>\n",
       "      <td>1.000000</td>\n",
       "      <td>0.485541</td>\n",
       "      <td>0.563172</td>\n",
       "      <td>0.796210</td>\n",
       "      <td>0.635886</td>\n",
       "      <td>0.554715</td>\n",
       "      <td>0.628058</td>\n",
       "      <td>0.275218</td>\n",
       "      <td>0.721957</td>\n",
       "      <td>0.742170</td>\n",
       "      <td>0.700613</td>\n",
       "    </tr>\n",
       "    <tr>\n",
       "      <th>BABA</th>\n",
       "      <td>0.552802</td>\n",
       "      <td>0.503278</td>\n",
       "      <td>0.053546</td>\n",
       "      <td>0.278224</td>\n",
       "      <td>0.572781</td>\n",
       "      <td>-0.177824</td>\n",
       "      <td>0.211184</td>\n",
       "      <td>0.485541</td>\n",
       "      <td>1.000000</td>\n",
       "      <td>-0.073451</td>\n",
       "      <td>0.236213</td>\n",
       "      <td>0.610548</td>\n",
       "      <td>-0.162641</td>\n",
       "      <td>-0.135558</td>\n",
       "      <td>-0.522950</td>\n",
       "      <td>0.383316</td>\n",
       "      <td>0.515564</td>\n",
       "      <td>0.181715</td>\n",
       "    </tr>\n",
       "    <tr>\n",
       "      <th>BA</th>\n",
       "      <td>-0.195480</td>\n",
       "      <td>0.649297</td>\n",
       "      <td>0.844313</td>\n",
       "      <td>0.766547</td>\n",
       "      <td>0.492571</td>\n",
       "      <td>0.663475</td>\n",
       "      <td>0.860000</td>\n",
       "      <td>0.563172</td>\n",
       "      <td>-0.073451</td>\n",
       "      <td>1.000000</td>\n",
       "      <td>0.738579</td>\n",
       "      <td>0.381063</td>\n",
       "      <td>0.870614</td>\n",
       "      <td>0.872979</td>\n",
       "      <td>0.732941</td>\n",
       "      <td>0.717081</td>\n",
       "      <td>0.644235</td>\n",
       "      <td>0.824197</td>\n",
       "    </tr>\n",
       "    <tr>\n",
       "      <th>TSLA</th>\n",
       "      <td>-0.052095</td>\n",
       "      <td>0.905050</td>\n",
       "      <td>0.849602</td>\n",
       "      <td>0.842084</td>\n",
       "      <td>0.808537</td>\n",
       "      <td>0.583298</td>\n",
       "      <td>0.927627</td>\n",
       "      <td>0.796210</td>\n",
       "      <td>0.236213</td>\n",
       "      <td>0.738579</td>\n",
       "      <td>1.000000</td>\n",
       "      <td>0.711921</td>\n",
       "      <td>0.854258</td>\n",
       "      <td>0.835198</td>\n",
       "      <td>0.479400</td>\n",
       "      <td>0.914328</td>\n",
       "      <td>0.685963</td>\n",
       "      <td>0.863584</td>\n",
       "    </tr>\n",
       "    <tr>\n",
       "      <th>WMT</th>\n",
       "      <td>0.335647</td>\n",
       "      <td>0.798448</td>\n",
       "      <td>0.497455</td>\n",
       "      <td>0.555514</td>\n",
       "      <td>0.864122</td>\n",
       "      <td>0.116061</td>\n",
       "      <td>0.652183</td>\n",
       "      <td>0.635886</td>\n",
       "      <td>0.610548</td>\n",
       "      <td>0.381063</td>\n",
       "      <td>0.711921</td>\n",
       "      <td>1.000000</td>\n",
       "      <td>0.444318</td>\n",
       "      <td>0.339739</td>\n",
       "      <td>-0.137751</td>\n",
       "      <td>0.795766</td>\n",
       "      <td>0.706721</td>\n",
       "      <td>0.620749</td>\n",
       "    </tr>\n",
       "    <tr>\n",
       "      <th>X</th>\n",
       "      <td>-0.311682</td>\n",
       "      <td>0.663020</td>\n",
       "      <td>0.880126</td>\n",
       "      <td>0.746239</td>\n",
       "      <td>0.535553</td>\n",
       "      <td>0.745398</td>\n",
       "      <td>0.881494</td>\n",
       "      <td>0.554715</td>\n",
       "      <td>-0.162641</td>\n",
       "      <td>0.870614</td>\n",
       "      <td>0.854258</td>\n",
       "      <td>0.444318</td>\n",
       "      <td>1.000000</td>\n",
       "      <td>0.937562</td>\n",
       "      <td>0.760045</td>\n",
       "      <td>0.774439</td>\n",
       "      <td>0.564605</td>\n",
       "      <td>0.850436</td>\n",
       "    </tr>\n",
       "    <tr>\n",
       "      <th>GS</th>\n",
       "      <td>-0.339183</td>\n",
       "      <td>0.673259</td>\n",
       "      <td>0.933780</td>\n",
       "      <td>0.833535</td>\n",
       "      <td>0.488650</td>\n",
       "      <td>0.801194</td>\n",
       "      <td>0.906785</td>\n",
       "      <td>0.628058</td>\n",
       "      <td>-0.135558</td>\n",
       "      <td>0.872979</td>\n",
       "      <td>0.835198</td>\n",
       "      <td>0.339739</td>\n",
       "      <td>0.937562</td>\n",
       "      <td>1.000000</td>\n",
       "      <td>0.849607</td>\n",
       "      <td>0.737312</td>\n",
       "      <td>0.569592</td>\n",
       "      <td>0.887935</td>\n",
       "    </tr>\n",
       "    <tr>\n",
       "      <th>XOM</th>\n",
       "      <td>-0.553838</td>\n",
       "      <td>0.250475</td>\n",
       "      <td>0.720093</td>\n",
       "      <td>0.546216</td>\n",
       "      <td>0.053716</td>\n",
       "      <td>0.746583</td>\n",
       "      <td>0.594242</td>\n",
       "      <td>0.275218</td>\n",
       "      <td>-0.522950</td>\n",
       "      <td>0.732941</td>\n",
       "      <td>0.479400</td>\n",
       "      <td>-0.137751</td>\n",
       "      <td>0.760045</td>\n",
       "      <td>0.849607</td>\n",
       "      <td>1.000000</td>\n",
       "      <td>0.314406</td>\n",
       "      <td>0.206617</td>\n",
       "      <td>0.600776</td>\n",
       "    </tr>\n",
       "    <tr>\n",
       "      <th>NKE</th>\n",
       "      <td>0.024097</td>\n",
       "      <td>0.889708</td>\n",
       "      <td>0.775796</td>\n",
       "      <td>0.764256</td>\n",
       "      <td>0.849127</td>\n",
       "      <td>0.479506</td>\n",
       "      <td>0.890021</td>\n",
       "      <td>0.721957</td>\n",
       "      <td>0.383316</td>\n",
       "      <td>0.717081</td>\n",
       "      <td>0.914328</td>\n",
       "      <td>0.795766</td>\n",
       "      <td>0.774439</td>\n",
       "      <td>0.737312</td>\n",
       "      <td>0.314406</td>\n",
       "      <td>1.000000</td>\n",
       "      <td>0.747755</td>\n",
       "      <td>0.851533</td>\n",
       "    </tr>\n",
       "    <tr>\n",
       "      <th>META</th>\n",
       "      <td>0.306881</td>\n",
       "      <td>0.860029</td>\n",
       "      <td>0.737040</td>\n",
       "      <td>0.830619</td>\n",
       "      <td>0.755683</td>\n",
       "      <td>0.438879</td>\n",
       "      <td>0.823235</td>\n",
       "      <td>0.742170</td>\n",
       "      <td>0.515564</td>\n",
       "      <td>0.644235</td>\n",
       "      <td>0.685963</td>\n",
       "      <td>0.706721</td>\n",
       "      <td>0.564605</td>\n",
       "      <td>0.569592</td>\n",
       "      <td>0.206617</td>\n",
       "      <td>0.747755</td>\n",
       "      <td>1.000000</td>\n",
       "      <td>0.798100</td>\n",
       "    </tr>\n",
       "    <tr>\n",
       "      <th>BRK-B</th>\n",
       "      <td>-0.072372</td>\n",
       "      <td>0.840687</td>\n",
       "      <td>0.925402</td>\n",
       "      <td>0.887630</td>\n",
       "      <td>0.725688</td>\n",
       "      <td>0.704577</td>\n",
       "      <td>0.968449</td>\n",
       "      <td>0.700613</td>\n",
       "      <td>0.181715</td>\n",
       "      <td>0.824197</td>\n",
       "      <td>0.863584</td>\n",
       "      <td>0.620749</td>\n",
       "      <td>0.850436</td>\n",
       "      <td>0.887935</td>\n",
       "      <td>0.600776</td>\n",
       "      <td>0.851533</td>\n",
       "      <td>0.798100</td>\n",
       "      <td>1.000000</td>\n",
       "    </tr>\n",
       "  </tbody>\n",
       "</table>\n",
       "</div>"
      ],
      "text/plain": [
       "            DPZ      AAPL      GOOG      MSFT       AMD       GME       SPY  \\\n",
       "DPZ    1.000000  0.215169 -0.207343  0.049852  0.265336 -0.363020 -0.043569   \n",
       "AAPL   0.215169  1.000000  0.765563  0.868948  0.918794  0.449900  0.897570   \n",
       "GOOG  -0.207343  0.765563  1.000000  0.925449  0.585081  0.743687  0.950758   \n",
       "MSFT   0.049852  0.868948  0.925449  1.000000  0.672401  0.672505  0.939998   \n",
       "AMD    0.265336  0.918794  0.585081  0.672401  1.000000  0.243387  0.760382   \n",
       "GME   -0.363020  0.449900  0.743687  0.672505  0.243387  1.000000  0.679288   \n",
       "SPY   -0.043569  0.897570  0.950758  0.939998  0.760382  0.679288  1.000000   \n",
       "NFLX   0.189883  0.861139  0.715588  0.859247  0.736988  0.428684  0.792810   \n",
       "BABA   0.552802  0.503278  0.053546  0.278224  0.572781 -0.177824  0.211184   \n",
       "BA    -0.195480  0.649297  0.844313  0.766547  0.492571  0.663475  0.860000   \n",
       "TSLA  -0.052095  0.905050  0.849602  0.842084  0.808537  0.583298  0.927627   \n",
       "WMT    0.335647  0.798448  0.497455  0.555514  0.864122  0.116061  0.652183   \n",
       "X     -0.311682  0.663020  0.880126  0.746239  0.535553  0.745398  0.881494   \n",
       "GS    -0.339183  0.673259  0.933780  0.833535  0.488650  0.801194  0.906785   \n",
       "XOM   -0.553838  0.250475  0.720093  0.546216  0.053716  0.746583  0.594242   \n",
       "NKE    0.024097  0.889708  0.775796  0.764256  0.849127  0.479506  0.890021   \n",
       "META   0.306881  0.860029  0.737040  0.830619  0.755683  0.438879  0.823235   \n",
       "BRK-B -0.072372  0.840687  0.925402  0.887630  0.725688  0.704577  0.968449   \n",
       "\n",
       "           NFLX      BABA        BA      TSLA       WMT         X        GS  \\\n",
       "DPZ    0.189883  0.552802 -0.195480 -0.052095  0.335647 -0.311682 -0.339183   \n",
       "AAPL   0.861139  0.503278  0.649297  0.905050  0.798448  0.663020  0.673259   \n",
       "GOOG   0.715588  0.053546  0.844313  0.849602  0.497455  0.880126  0.933780   \n",
       "MSFT   0.859247  0.278224  0.766547  0.842084  0.555514  0.746239  0.833535   \n",
       "AMD    0.736988  0.572781  0.492571  0.808537  0.864122  0.535553  0.488650   \n",
       "GME    0.428684 -0.177824  0.663475  0.583298  0.116061  0.745398  0.801194   \n",
       "SPY    0.792810  0.211184  0.860000  0.927627  0.652183  0.881494  0.906785   \n",
       "NFLX   1.000000  0.485541  0.563172  0.796210  0.635886  0.554715  0.628058   \n",
       "BABA   0.485541  1.000000 -0.073451  0.236213  0.610548 -0.162641 -0.135558   \n",
       "BA     0.563172 -0.073451  1.000000  0.738579  0.381063  0.870614  0.872979   \n",
       "TSLA   0.796210  0.236213  0.738579  1.000000  0.711921  0.854258  0.835198   \n",
       "WMT    0.635886  0.610548  0.381063  0.711921  1.000000  0.444318  0.339739   \n",
       "X      0.554715 -0.162641  0.870614  0.854258  0.444318  1.000000  0.937562   \n",
       "GS     0.628058 -0.135558  0.872979  0.835198  0.339739  0.937562  1.000000   \n",
       "XOM    0.275218 -0.522950  0.732941  0.479400 -0.137751  0.760045  0.849607   \n",
       "NKE    0.721957  0.383316  0.717081  0.914328  0.795766  0.774439  0.737312   \n",
       "META   0.742170  0.515564  0.644235  0.685963  0.706721  0.564605  0.569592   \n",
       "BRK-B  0.700613  0.181715  0.824197  0.863584  0.620749  0.850436  0.887935   \n",
       "\n",
       "            XOM       NKE      META     BRK-B  \n",
       "DPZ   -0.553838  0.024097  0.306881 -0.072372  \n",
       "AAPL   0.250475  0.889708  0.860029  0.840687  \n",
       "GOOG   0.720093  0.775796  0.737040  0.925402  \n",
       "MSFT   0.546216  0.764256  0.830619  0.887630  \n",
       "AMD    0.053716  0.849127  0.755683  0.725688  \n",
       "GME    0.746583  0.479506  0.438879  0.704577  \n",
       "SPY    0.594242  0.890021  0.823235  0.968449  \n",
       "NFLX   0.275218  0.721957  0.742170  0.700613  \n",
       "BABA  -0.522950  0.383316  0.515564  0.181715  \n",
       "BA     0.732941  0.717081  0.644235  0.824197  \n",
       "TSLA   0.479400  0.914328  0.685963  0.863584  \n",
       "WMT   -0.137751  0.795766  0.706721  0.620749  \n",
       "X      0.760045  0.774439  0.564605  0.850436  \n",
       "GS     0.849607  0.737312  0.569592  0.887935  \n",
       "XOM    1.000000  0.314406  0.206617  0.600776  \n",
       "NKE    0.314406  1.000000  0.747755  0.851533  \n",
       "META   0.206617  0.747755  1.000000  0.798100  \n",
       "BRK-B  0.600776  0.851533  0.798100  1.000000  "
      ]
     },
     "execution_count": 20,
     "metadata": {},
     "output_type": "execute_result"
    }
   ],
   "source": [
    "# Correlation Matrix\n",
    "corr_mtrx = d.corr()\n",
    "corr_mtrx"
   ]
  },
  {
   "cell_type": "code",
   "execution_count": 21,
   "metadata": {},
   "outputs": [
    {
     "data": {
      "text/plain": [
       "<AxesSubplot:>"
      ]
     },
     "execution_count": 21,
     "metadata": {},
     "output_type": "execute_result"
    },
    {
     "data": {
